 7.33182 6.93557 5.86164 6.13131 6.68237 6.73536 5.87149 6.22663 7.4179 7.42501 4.55421 7.9454 5.16291 7.41264 5.93141 5.11166 7.36995 7.4413 7.23145 5.80248 6.26331 6.11517 8.96327 7.08741 6.51491 6.65784 6.65528 6.85471 7.52906 5.02742 6.22624
 7.42273 7.38435 7.05969 5.78689 6.16848 6.67169 6.68208 7.18846 7.26405 8.94136 5.60204 6.88977 6.54674 6.94392 5.62943 6.50188 8.37705 6.98795 7.58084 6.03885 4.76836 5.7264 8.46863 6.44256 7.45061 6.93002 7.24293 6.74922 6.48428 5.3972 6.4769
 7.58058 7.79854 7.35034 6.33566 6.03654 7.54896 7.1333 7.00929 7.0565 8.95145 6.49058 8.68737 7.37244 8.39819 6.72796 6.0797 8.28732 6.96569 9.19701 7.40133 6.45436 7.08741 9.33347 7.54893 7.5109 8.28027 8.54384 7.02011 7.18472 6.78565 6.73464
 8.23792 7.94532 8.02764 8.1374 8.39373 8.39093 7.81892 8.71858 9.19175 9.9551 6.95654 9.52597 8.76095 10.4576 7.50435 7.81635 10.482 8.62117 8.90455 8.47499 6.64393 8.08393 10.693 8.85979 9.32485 9.37992 9.63752 9.00747 8.24414 7.45274 8.14716
 7.17837 7.13439 6.69831 7.63472 7.65257 7.17662 6.1374 7.4555 7.8039 8.77012 6.6147 8.38198 6.99573 8.58522 6.25407 6.59479 9.07 7.94815 7.71463 6.5417 6.66161 6.98834 10.1692 8.2219 7.56851 8.93461 8.29549 8.06213 8.15623 5.54355 7.31926
 5.8409 6.59715 5.00172 5.50294 5.53931 6.55646 5.58774 6.19247 6.16995 7.72683 4.31687 6.79823 5.88348 7.00308 5.68716 5.89352 7.00901 6.63352 7.1343 6.24269 5.11585 5.27217 7.48434 6.88204 6.23697 6.97874 6.28639 6.24404 6.38709 5.25738 5.4031
 8.25741 9.31018 7.32994 8.13785 8.52277 9.05199 8.21916 8.41693 9.0499 10.7959 6.64908 9.58704 8.28916 9.54196 6.90253 7.54841 9.8648 9.19928 10.2396 8.4074 6.77778 8.14644 11.107 9.6838 8.58209 9.84652 8.9455 8.54333 8.62767 6.68828 7.98292
 7.79945 8.5408 7.43185 7.88373 6.994 7.77146 7.30848 7.50975 8.28504 9.84403 6.67084 9.34072 7.48725 8.57263 6.99403 6.92934 9.27478 7.81084 9.21214 7.65324 5.98661 7.41708 9.85427 8.91333 7.77285 8.88984 8.79322 7.95302 8.37983 6.71886 6.97581
 8.04599 8.43386 7.95951 7.92806 8.70861 8.18183 7.51269 9.09968 8.58425 9.23031 6.59715 8.02351 7.21621 8.91398 7.43795 7.24142 9.40385 8.66842 9.34437 7.5156 7.43591 8.07228 11.3746 8.828 8.65579 8.57324 8.90857 9.17136 9.0634 5.06689 8.96198
 7.48907 6.51423 6.24842 6.58059 6.94597 6.42851 6.28872 7.36044 7.50501 7.51648 4.99912 7.93865 6.32731 8.42527 6.48837 5.30424 8.20242 6.89152 8.00595 7.32367 6.60582 7.1407 9.85296 7.83152 7.37257 7.74658 7.70819 6.91273 6.99029 5.66832 6.84068
 7.16021 6.78197 4.74611 5.48178 6.27059 5.96504 6.45968 6.80043 6.58911 8.21554 4.98935 7.60479 5.03479 6.69502 6.14837 5.623 7.73097 6.18474 7.5586 7.11066 5.45461 5.685 8.3597 7.92298 6.78052 7.50343 7.85061 6.73789 6.90211 5.92248 5.04405
 7.40609 7.3302 6.92731 6.66395 7.09171 7.61695 6.88096 7.47677 7.19446 9.34 6.14832 9.27607 6.86447 8.77224 6.43257 6.17258 8.60658 7.03707 9.04401 6.58621 7.07598 7.25452 9.98007 7.88039 7.43791 8.45023 8.81865 7.504 7.55854 6.70188 7.22355
 9.94285 9.50102 8.2296 8.57843 8.79231 9.90988 8.69913 9.72221 9.00029 11.518 8.50305 11.065 8.1635 10.5828 8.5812 8.48571 10.851 9.46364 10.9513 8.54172 8.97138 8.25226 12.2988 9.95854 9.0595 11.0421 9.62224 9.38319 9.79833 7.53239 8.91344
 7.33155 7.61888 7.0287 8.06871 7.47299 8.56765 7.21854 8.16481 8.00633 9.10299 5.59862 8.91447 8.38095 10.3047 7.57164 6.32111 9.30175 8.2981 8.7989 7.07039 8.20069 7.99064 11.3275 8.41109 8.01035 8.91956 7.78824 8.15888 8.05947 6.1567 8.41028
 6.59728 6.94256 6.84373 6.28084 7.19587 7.26209 7.14069 8.40834 7.78336 7.71279 4.96692 8.58386 6.40983 7.61558 6.60075 6.36148 8.62062 7.10415 7.9737 7.12426 6.15393 6.77801 9.49948 7.79189 6.8947 8.0089 7.98981 7.24274 7.85669 5.57311 6.6263
 5.85417 5.78955 4.77522 5.80481 6.66903 6.03992 5.14707 6.06753 6.01144 7.49278 4.32187 6.02744 5.93364 6.35764 5.13386 5.70656 7.06021 6.05697 6.82229 5.75036 5.21854 4.84106 8.55286 7.04835 6.94323 6.64196 6.8445 6.5856 6.16484 4.79936 5.48864
 7.43501 7.94169 6.89814 6.39353 7.70488 8.01848 7.0434 7.89605 7.46031 9.0693 7.13404 8.4697 6.8592 8.54999 7.39927 6.6716 8.80695 7.71379 7.7822 7.08191 5.72356 6.97262 9.24034 7.1667 7.06049 8.76381 8.53615 6.99572 7.644 6.33014 7.24467
 8.10934 8.95462 7.21835 7.80944 7.7622 8.37389 8.00296 8.36353 8.6072 10.1781 6.95587 9.85034 7.90186 9.27915 7.38277 6.88711 9.94823 8.26938 9.57608 8.07519 6.10087 8.42984 9.98781 9.74523 8.18452 9.25063 8.94146 8.55705 8.40514 6.32742 7.23577
 6.2664 6.71472 6.231 5.36209 6.86026 6.97722 5.51353 7.7496 5.96599 8.00996 5.61537 6.93624 6.33643 7.08186 6.38982 5.98513 7.36526 6.84835 7.73128 5.85403 5.35443 6.23434 8.60431 6.82971 6.07248 7.44029 7.04033 6.17074 6.01056 5.17987 6.32258
 8.46009 8.03162 7.70868 7.30884 7.63264 7.76 7.99097 8.68074 9.18237 9.25792 7.74678 9.1427 7.02264 9.31482 7.42201 7.54801 10.0727 8.6033 8.67124 8.33367 6.86393 7.69581 10.7797 8.09243 8.33286 9.97102 9.014 7.87766 9.02308 6.93815 7.52187
 7.1519 7.6453 7.06661 7.30066 7.45229 7.18319 7.50929 7.97623 8.07954 8.351 5.99804 9.15934 6.99455 9.33732 7.1736 6.09581 9.15919 7.48088 8.57874 7.21956 6.7279 8.1397 9.92924 8.494 7.3321 8.97493 8.95092 8.17584 8.22729 6.14889 7.37112
 7.66211 8.79019 7.44379 6.48124 7.12928 7.67174 7.92213 8.40077 8.5373 9.85413 6.7553 9.0959 7.00879 9.15028 8.04588 7.45185 8.89802 8.16089 8.99126 8.246 6.35089 7.50127 9.65753 7.95201 7.63868 9.51026 8.85126 7.8878 8.73515 6.54704 6.935
 8.15234 9.04525 7.96033 8.23067 8.21673 7.82494 7.98866 8.22336 8.81325 10.1324 6.53883 9.3798 7.68993 9.75923 6.94595 6.81186 9.84488 7.98018 10.0561 8.55695 7.11605 9.13291 10.62 9.7533 8.3559 9.50421 9.77421 9.41837 8.55908 6.02837 8.59377
 7.25031 7.04407 6.15587 6.45393 6.68409 6.53981 6.01173 7.49106 6.52857 8.90783 5.89051 7.4799 6.10401 7.97445 6.32775 6.2052 8.28242 6.6549 7.33913 6.37598 5.2875 6.41816 8.77894 8.17614 7.32695 7.73459 7.17621 6.99455 6.56489 5.43768 6.92262
 7.85089 7.09465 5.83957 5.82632 6.61918 6.43006 6.3622 6.10943 6.80436 7.28728 6.03353 7.61863 4.92086 7.40074 6.40739 5.14158 8.04776 6.20995 7.0183 6.57132 5.83795 6.24745 8.46701 6.40352 6.29018 8.08606 7.89011 6.47183 7.18031 5.91296 6.45021
 8.30279 7.37849 6.85469 7.33934 8.0089 7.78421 7.17921 8.10246 8.26515 9.31917 6.02456 9.04243 7.74698 8.47084 7.12059 7.22557 9.83803 7.3796 8.47356 7.49348 7.15583 6.47866 10.936 8.37993 7.939 8.60646 8.60036 8.22403 8.17498 6.77307 7.54117
 9.17856 9.55742 8.15375 8.13455 9.55106 8.94677 8.48321 8.95185 9.79827 10.4757 7.3223 9.29246 8.09359 9.93872 8.54174 7.33896 10.3638 9.73842 9.7613 8.44602 7.3809 8.91073 12.3074 10.3137 9.9165 9.65418 9.9602 9.37457 9.89312 7.23047 8.69167
 7.34448 6.20808 6.84342 7.1188 6.97951 7.54116 7.31425 7.97578 6.51042 8.91837 7.07325 9.92793 7.86006 9.11425 5.71771 5.9923 9.67363 6.88936 8.28483 6.54552 7.24248 7.37607 9.78157 8.49989 7.11351 9.11275 8.3001 6.85812 7.1285 6.77155 7.14156
 7.66033 6.78707 7.08852 6.72389 7.08096 7.20088 7.52132 8.20048 7.63037 9.33067 5.73551 9.32963 7.46229 8.77479 6.27451 6.12358 9.64095 7.66365 9.06966 6.92845 6.7665 7.36156 10.1519 8.37035 7.55749 7.84603 8.4768 7.17324 7.13083 6.61773 6.94983
 7.63016 7.47798 6.95108 5.97807 5.6982 6.43908 6.60582 6.84078 7.68751 8.65171 4.85464 8.41843 6.07658 8.43222 6.28511 5.70607 8.51889 7.58809 7.95039 5.89866 6.17894 6.91908 8.77239 6.61206 6.28613 7.70318 7.19216 6.68603 7.48276 6.42979 6.84807
 7.59624 8.11634 6.49642 7.73637 7.2008 7.72454 6.98862 8.81537 8.79752 9.66185 5.64666 8.96464 8.00627 9.57882 7.91884 6.72646 9.81746 8.2727 8.87905 7.31777 6.46755 7.55702 10.4532 9.00616 8.20427 9.44578 7.86355 7.43421 8.05483 6.75225 7.16929
